10 1e-05
37.6584281958 14.6645838053 10.3716832109 4.16271452653 16.3631482085 10.7406273291 19.4647486599 9.09165438305 36.5463456951 24.0187612095 
4.55485893895 0.853017936657 0.0209022711532 0.342847855361 0.636715571203 0.793781833613 0.276502360764 0.305949137359 0.0595327335226 0.53504503611 
0.406124491262 5.92447105757 0.44607297174 0.923892836861 0.873193459402 0.392590637931 0.695719856865 0.562075444374 0.796189999802 0.119513767385 
0.533006202739 0.317968282111 6.72741131698 0.0759950503532 0.285490730401 0.790351726263 0.519341933233 0.70175976812 0.470660787091 0.904221331006 
0.665497542313 0.840406586952 0.820998449487 6.80991698884 0.706139311956 0.908303709391 0.44579874889 0.592935615911 0.357716322235 0.304060022889 
0.912306150159 0.0353033936001 0.254681703277 0.0699799945879 4.1511719481 0.00383510209263 0.184714493777 0.557152474706 0.855915275137 0.663715424835 
0.342367781208 0.770019182129 0.918341056069 0.413783461317 0.34798613968 4.92939709062 0.306241065735 0.115322684694 0.775804078509 0.352561411643 
0.0825863793809 0.688893937943 0.881321182886 0.269817052936 0.454272789368 0.381357308621 4.83862285111 0.146578128316 0.688718655005 0.809549356676 
0.634040211739 0.81129100779 0.581373232377 0.690880173613 0.551402309494 0.717961147593 0.742314492901 6.31589578764 0.304003833004 0.435059102001 
0.0669388024512 0.978444784458 0.163581141307 0.82321676199 0.537765581421 0.733829851317 0.254676521573 0.592531439416 6.09725608038 0.231462092911 
0.202378506864 0.463654640433 0.0205049150461 0.882265238651 0.115883505534 0.0350496371012 0.683889373461 0.649054488324 0.0741917185786 4.53428221004 
